16653445
29913444
38011822
53911821
72568380
105266549
109897704
133993246
136665179
139153519
143105251
158237626
173783423
188850077
193248933
203941050
206853627
224289192
228966304
245874538
290685764
303089784
304378734
316330767
355099236
436887657
444990847
476873208
484992181
605203470
610407483
626847243
661647371
664319304
691845808
780678784
795640617
801543924
807043924
833688574
834169774
871716803
925581752
934794136
960670491
988497387
1038110824
1042651697
1075657853
1085045935
1087487373
1110679204
1130330612
1133341258
1165451995
1183889832
1188493590
1192610387
1288962578
1304828154
1385882254
1395685319
1447071094
1447784447
1463724539
1464437892
1479179355
1534838838
1570228916
1590204380
1624989795
1662187543
1705596292
1708622262
1721427673
1735509737
1824196960
1829844914
1845441764
1859758358
1860914680
1864532925
1875631456
1875735640
1886476735
1909346427
1918179172
1985633345
1988547015
2031149084
2044714361
2050935099
2067077588
2082485083
2085203872
2090899894
2105089410
2113768677
2122458394
2144811715
